results = [
0 2 80 1.4702e-07
1 2 80 1.4609e-07
2 1 32 1.3597e-07
] ; resid = 0 ;
lnz = 5 ;
t = 5.18901e-08 ;   % dense solve time
